                |  !  |  (  |  )  |  *  |  +  |  ,  |  -  |  .  |  /  |  0  |  1  |  2  |  3  |  4  |  5  |  6  |  7  |  8  |  9  |  ;  |  <  |  =  |  >  |  A  |  B  |  C  |  D  |  E  |  F  |  G  |  H  |  I  |  J  |  K  |  L  |  M  |  N  |  O  |  P  |  Q  |  R  |  S  |  T  |  U  |  V  |  W  |  X  |  Y  |  Z  |  a  |  b  |  c  |  d  |  e  |  f  |  g  |  h  |  i  |  j  |  k  |  l  |  m  |  n  |  o  |  p  |  q  |  r  |  s  |  t  |  u  |  v  |  w  |  x  |  y  |  z  |  {  |  }  |
-----------------------------------------------------------------------------------------------------------------------------------------------------------------------------------------------------------------------------------------------------------------------------------------------------------------------------------------------------------------------------------------------------------------------------------------------------------------------------------------------
0   [         ] |  0  |  0  |  0  |  0  |  0  |  0  |  0  |  0  |  0  |  0  |  0  |  0  |  0  |  0  |  0  |  0  |  0  |  0  |  0  |  0  |  0  |  0  |  0  |  0  |  0  |  0  |  0  |  0  |  0  |  0  |  0  |  0  |  0  |  0  |  0  |  0  |  0  |  0  |  0  |  0  |  0  |  0  |  0  |  0  |  0  |  0  |  0  |  0  |  0  |  0  |  0  |  0  |  0  |  0  |  0  |  0  |  0  |  0  |  0  |  0  |  0  |  0  |  0  |  0  |  0  |  0  |  0  |  0  |  0  |  0  |  0  |  0  |  0  |  0  |  0  |  0  |  0  |
1   [         ] |  0  |  0  |  0  |  0  |  0  |  0  |  0  |  0  |  0  |  0  |  0  |  0  |  0  |  0  |  0  |  0  |  0  |  0  |  0  |  0  |  0  | 40  |  0  |  0  |  0  |  0  |  0  |  0  |  0  |  0  |  0  |  0  |  0  |  0  |  0  |  0  |  0  |  0  |  0  |  0  |  0  |  0  |  0  |  0  |  0  |  0  |  0  |  0  |  0  |  0  |  0  |  0  |  0  |  0  |  0  |  0  |  0  |  0  |  0  |  0  |  0  |  0  |  0  |  0  |  0  |  0  |  0  |  0  |  0  |  0  |  0  |  0  |  0  |  0  |  0  |  0  |  0  |
2   [         ] |  0  |  0  |  0  |  0  |  0  |  0  |  0  |  0  |  0  | 37  | 37  | 37  | 37  | 37  | 37  | 37  | 37  | 37  | 37  |  0  |  0  |  0  |  0  |  0  |  0  |  0  |  0  |  0  |  0  |  0  |  0  |  0  |  0  |  0  |  0  |  0  |  0  |  0  |  0  |  0  |  0  |  0  |  0  |  0  |  0  |  0  |  0  |  0  |  0  |  0  |  0  |  0  |  0  |  0  |  0  |  0  |  0  |  0  |  0  |  0  |  0  |  0  |  0  |  0  |  0  |  0  |  0  |  0  |  0  |  0  |  0  |  0  |  0  |  0  |  0  |  0  |  0  |
3   [         ] |  0  |  0  |  0  |  0  |  0  |  0  |  0  |  0  |  0  | 38  | 38  | 38  | 38  | 38  | 38  | 38  | 38  | 38  | 38  |  0  |  0  |  0  |  0  |  0  |  0  |  0  |  0  |  0  |  0  |  0  |  0  |  0  |  0  |  0  |  0  |  0  |  0  |  0  |  0  |  0  |  0  |  0  |  0  |  0  |  0  |  0  |  0  |  0  |  0  |  0  |  0  |  0  |  0  |  0  |  0  |  0  |  0  |  0  |  0  |  0  |  0  |  0  |  0  |  0  |  0  |  0  |  0  |  0  |  0  |  0  |  0  |  0  |  0  |  0  |  0  |  0  |  0  |
4   [         ] |  1  |  5  |  6  | 36  |  9  |  7  |  9  |  0  | 36  | 39  | 39  | 39  | 39  | 39  | 39  | 39  | 39  | 39  | 39  |  8  | 41  | 10  | 41  | 27  | 27  | 27  | 27  | 27  | 27  | 27  | 27  | 27  | 27  | 27  | 27  | 27  | 27  | 27  | 27  | 27  | 27  | 27  | 27  | 27  | 27  | 27  | 27  | 27  | 27  | 27  | 26  | 27  | 27  | 21  | 24  | 27  | 27  | 32  | 27  | 27  | 27  | 27  | 27  | 27  | 27  | 27  | 27  | 27  | 27  | 27  | 27  | 28  | 27  | 27  | 27  | 43  | 44  |
5   [ (       ] |  0  |  0  |  0  |  0  |  0  |  0  |  0  |  0  |  0  |  0  |  0  |  0  |  0  |  0  |  0  |  0  |  0  |  0  |  0  |  0  |  0  |  0  |  0  |  0  |  0  |  0  |  0  |  0  |  0  |  0  |  0  |  0  |  0  |  0  |  0  |  0  |  0  |  0  |  0  |  0  |  0  |  0  |  0  |  0  |  0  |  0  |  0  |  0  |  0  |  0  |  0  |  0  |  0  |  0  |  0  |  0  |  0  |  0  |  0  |  0  |  0  |  0  |  0  |  0  |  0  |  0  |  0  |  0  |  0  |  0  |  0  |  0  |  0  |  0  |  0  |  0  |  0  |
6   [ )       ] |  0  |  0  |  0  |  0  |  0  |  0  |  0  |  0  |  0  |  0  |  0  |  0  |  0  |  0  |  0  |  0  |  0  |  0  |  0  |  0  |  0  |  0  |  0  |  0  |  0  |  0  |  0  |  0  |  0  |  0  |  0  |  0  |  0  |  0  |  0  |  0  |  0  |  0  |  0  |  0  |  0  |  0  |  0  |  0  |  0  |  0  |  0  |  0  |  0  |  0  |  0  |  0  |  0  |  0  |  0  |  0  |  0  |  0  |  0  |  0  |  0  |  0  |  0  |  0  |  0  |  0  |  0  |  0  |  0  |  0  |  0  |  0  |  0  |  0  |  0  |  0  |  0  |
7   [ ,       ] |  0  |  0  |  0  |  0  |  0  |  0  |  0  |  0  |  0  |  0  |  0  |  0  |  0  |  0  |  0  |  0  |  0  |  0  |  0  |  0  |  0  |  0  |  0  |  0  |  0  |  0  |  0  |  0  |  0  |  0  |  0  |  0  |  0  |  0  |  0  |  0  |  0  |  0  |  0  |  0  |  0  |  0  |  0  |  0  |  0  |  0  |  0  |  0  |  0  |  0  |  0  |  0  |  0  |  0  |  0  |  0  |  0  |  0  |  0  |  0  |  0  |  0  |  0  |  0  |  0  |  0  |  0  |  0  |  0  |  0  |  0  |  0  |  0  |  0  |  0  |  0  |  0  |
8   [ ;       ] |  0  |  0  |  0  |  0  |  0  |  0  |  0  |  0  |  0  |  0  |  0  |  0  |  0  |  0  |  0  |  0  |  0  |  0  |  0  |  0  |  0  |  0  |  0  |  0  |  0  |  0  |  0  |  0  |  0  |  0  |  0  |  0  |  0  |  0  |  0  |  0  |  0  |  0  |  0  |  0  |  0  |  0  |  0  |  0  |  0  |  0  |  0  |  0  |  0  |  0  |  0  |  0  |  0  |  0  |  0  |  0  |  0  |  0  |  0  |  0  |  0  |  0  |  0  |  0  |  0  |  0  |  0  |  0  |  0  |  0  |  0  |  0  |  0  |  0  |  0  |  0  |  0  |
9   [ addop   ] |  0  |  0  |  0  |  0  |  0  |  0  |  0  |  0  |  0  |  0  |  0  |  0  |  0  |  0  |  0  |  0  |  0  |  0  |  0  |  0  |  0  |  0  |  0  |  0  |  0  |  0  |  0  |  0  |  0  |  0  |  0  |  0  |  0  |  0  |  0  |  0  |  0  |  0  |  0  |  0  |  0  |  0  |  0  |  0  |  0  |  0  |  0  |  0  |  0  |  0  |  0  |  0  |  0  |  0  |  0  |  0  |  0  |  0  |  0  |  0  |  0  |  0  |  0  |  0  |  0  |  0  |  0  |  0  |  0  |  0  |  0  |  0  |  0  |  0  |  0  |  0  |  0  |
10  [ assign  ] |  0  |  0  |  0  |  0  |  0  |  0  |  0  |  0  |  0  |  0  |  0  |  0  |  0  |  0  |  0  |  0  |  0  |  0  |  0  |  0  |  0  | 40  |  0  |  0  |  0  |  0  |  0  |  0  |  0  |  0  |  0  |  0  |  0  |  0  |  0  |  0  |  0  |  0  |  0  |  0  |  0  |  0  |  0  |  0  |  0  |  0  |  0  |  0  |  0  |  0  |  0  |  0  |  0  |  0  |  0  |  0  |  0  |  0  |  0  |  0  |  0  |  0  |  0  |  0  |  0  |  0  |  0  |  0  |  0  |  0  |  0  |  0  |  0  |  0  |  0  |  0  |  0  |
11  [ boolean ] |  0  |  0  |  0  |  0  |  0  |  0  |  0  |  0  |  0  | 27  | 27  | 27  | 27  | 27  | 27  | 27  | 27  | 27  | 27  |  0  |  0  |  0  |  0  | 27  | 27  | 27  | 27  | 27  | 27  | 27  | 27  | 27  | 27  | 27  | 27  | 27  | 27  | 27  | 27  | 27  | 27  | 27  | 27  | 27  | 27  | 27  | 27  | 27  | 27  | 27  | 27  | 27  | 27  | 27  | 27  | 27  | 27  | 27  | 27  | 27  | 27  | 27  | 27  | 27  | 27  | 27  | 27  | 27  | 27  | 27  | 27  | 27  | 27  | 27  | 27  |  0  |  0  |
12  [ else    ] |  0  |  0  |  0  |  0  |  0  |  0  |  0  |  0  |  0  | 27  | 27  | 27  | 27  | 27  | 27  | 27  | 27  | 27  | 27  |  0  |  0  |  0  |  0  | 27  | 27  | 27  | 27  | 27  | 27  | 27  | 27  | 27  | 27  | 27  | 27  | 27  | 27  | 27  | 27  | 27  | 27  | 27  | 27  | 27  | 27  | 27  | 27  | 27  | 27  | 27  | 27  | 27  | 27  | 27  | 27  | 27  | 27  | 27  | 27  | 27  | 27  | 27  | 27  | 27  | 27  | 27  | 27  | 27  | 27  | 27  | 27  | 27  | 27  | 27  | 27  |  0  |  0  |
13  [ float   ] |  0  |  0  |  0  |  0  |  0  |  0  |  0  |  0  |  0  | 27  | 27  | 27  | 27  | 27  | 27  | 27  | 27  | 27  | 27  |  0  |  0  |  0  |  0  | 27  | 27  | 27  | 27  | 27  | 27  | 27  | 27  | 27  | 27  | 27  | 27  | 27  | 27  | 27  | 27  | 27  | 27  | 27  | 27  | 27  | 27  | 27  | 27  | 27  | 27  | 27  | 27  | 27  | 27  | 27  | 27  | 27  | 27  | 27  | 27  | 27  | 27  | 27  | 27  | 27  | 27  | 27  | 27  | 27  | 27  | 27  | 27  | 27  | 27  | 27  | 27  |  0  |  0  |
14  [ id      ] |  0  |  0  |  0  |  0  |  0  |  0  |  0  |  0  |  0  | 27  | 27  | 27  | 27  | 27  | 27  | 27  | 27  | 27  | 27  |  0  |  0  |  0  |  0  | 27  | 27  | 27  | 27  | 27  | 27  | 27  | 27  | 27  | 27  | 27  | 27  | 27  | 27  | 27  | 27  | 27  | 27  | 27  | 27  | 27  | 27  | 27  | 27  | 27  | 27  | 27  | 27  | 27  | 27  | 12  | 27  | 27  | 27  | 27  | 27  | 27  | 27  | 27  | 27  | 27  | 27  | 27  | 27  | 27  | 27  | 27  | 27  | 27  | 27  | 27  | 27  |  0  |  0  |
15  [ id      ] |  0  |  0  |  0  |  0  |  0  |  0  |  0  |  0  |  0  | 27  | 27  | 27  | 27  | 27  | 27  | 27  | 27  | 27  | 27  |  0  |  0  |  0  |  0  | 27  | 27  | 27  | 27  | 27  | 27  | 27  | 27  | 27  | 27  | 27  | 27  | 27  | 27  | 27  | 27  | 27  | 27  | 27  | 27  | 27  | 27  | 27  | 27  | 27  | 27  | 27  | 27  | 27  | 27  | 27  | 27  | 27  | 27  | 27  | 27  | 27  | 27  | 27  | 11  | 27  | 27  | 27  | 27  | 27  | 27  | 27  | 27  | 27  | 27  | 27  | 27  |  0  |  0  |
16  [ id      ] |  0  |  0  |  0  |  0  |  0  |  0  |  0  |  0  |  0  | 27  | 27  | 27  | 27  | 27  | 27  | 27  | 27  | 27  | 27  |  0  |  0  |  0  |  0  | 27  | 27  | 27  | 27  | 27  | 27  | 27  | 27  | 27  | 27  | 27  | 27  | 27  | 27  | 27  | 27  | 27  | 27  | 27  | 27  | 27  | 27  | 27  | 27  | 27  | 27  | 27  | 27  | 27  | 27  | 27  | 27  | 27  | 27  | 27  | 27  | 27  | 27  | 27  | 27  | 27  | 27  | 27  | 27  | 27  | 13  | 27  | 27  | 27  | 27  | 27  | 27  |  0  |  0  |
17  [ id      ] |  0  |  0  |  0  |  0  |  0  |  0  |  0  |  0  |  0  | 27  | 27  | 27  | 27  | 27  | 27  | 27  | 27  | 27  | 27  |  0  |  0  |  0  |  0  | 27  | 27  | 27  | 27  | 27  | 27  | 27  | 27  | 27  | 27  | 27  | 27  | 27  | 27  | 27  | 27  | 27  | 27  | 27  | 27  | 27  | 27  | 27  | 27  | 27  | 27  | 15  | 27  | 27  | 27  | 27  | 27  | 27  | 27  | 27  | 27  | 27  | 27  | 27  | 27  | 27  | 27  | 27  | 27  | 27  | 27  | 27  | 27  | 27  | 27  | 27  | 27  |  0  |  0  |
18  [ id      ] |  0  |  0  |  0  |  0  |  0  |  0  |  0  |  0  |  0  | 27  | 27  | 27  | 27  | 27  | 27  | 27  | 27  | 27  | 27  |  0  |  0  |  0  |  0  | 27  | 27  | 27  | 27  | 27  | 27  | 27  | 27  | 27  | 27  | 27  | 27  | 27  | 27  | 27  | 27  | 27  | 27  | 27  | 27  | 27  | 27  | 27  | 27  | 27  | 27  | 16  | 27  | 27  | 27  | 27  | 27  | 27  | 27  | 27  | 27  | 27  | 27  | 27  | 27  | 27  | 27  | 27  | 27  | 27  | 27  | 27  | 27  | 27  | 27  | 27  | 27  |  0  |  0  |
19  [ id      ] |  0  |  0  |  0  |  0  |  0  |  0  |  0  |  0  |  0  | 27  | 27  | 27  | 27  | 27  | 27  | 27  | 27  | 27  | 27  |  0  |  0  |  0  |  0  | 27  | 27  | 27  | 27  | 27  | 27  | 27  | 27  | 27  | 27  | 27  | 27  | 27  | 27  | 27  | 27  | 27  | 27  | 27  | 27  | 27  | 27  | 27  | 27  | 27  | 27  | 27  | 27  | 27  | 27  | 27  | 27  | 27  | 27  | 27  | 27  | 27  | 27  | 27  | 27  | 27  | 27  | 27  | 27  | 14  | 27  | 27  | 27  | 27  | 27  | 27  | 27  |  0  |  0  |
20  [ id      ] |  0  |  0  |  0  |  0  |  0  |  0  |  0  |  0  |  0  | 27  | 27  | 27  | 27  | 27  | 27  | 27  | 27  | 27  | 27  |  0  |  0  |  0  |  0  | 27  | 27  | 27  | 27  | 27  | 27  | 27  | 27  | 27  | 27  | 27  | 27  | 27  | 27  | 27  | 27  | 27  | 27  | 27  | 27  | 27  | 27  | 27  | 27  | 27  | 27  | 27  | 27  | 27  | 27  | 17  | 27  | 27  | 27  | 27  | 27  | 27  | 27  | 27  | 27  | 27  | 27  | 27  | 27  | 27  | 27  | 27  | 27  | 27  | 27  | 27  | 27  |  0  |  0  |
21  [ id      ] |  0  |  0  |  0  |  0  |  0  |  0  |  0  |  0  |  0  | 27  | 27  | 27  | 27  | 27  | 27  | 27  | 27  | 27  | 27  |  0  |  0  |  0  |  0  | 27  | 27  | 27  | 27  | 27  | 27  | 27  | 27  | 27  | 27  | 27  | 27  | 27  | 27  | 27  | 27  | 27  | 27  | 27  | 27  | 27  | 27  | 27  | 27  | 27  | 27  | 27  | 27  | 27  | 27  | 27  | 27  | 27  | 27  | 27  | 27  | 27  | 19  | 27  | 27  | 27  | 27  | 27  | 27  | 27  | 27  | 27  | 27  | 27  | 27  | 27  | 27  |  0  |  0  |
22  [ id      ] |  0  |  0  |  0  |  0  |  0  |  0  |  0  |  0  |  0  | 27  | 27  | 27  | 27  | 27  | 27  | 27  | 27  | 27  | 27  |  0  |  0  |  0  |  0  | 27  | 27  | 27  | 27  | 27  | 27  | 27  | 27  | 27  | 27  | 27  | 27  | 27  | 27  | 27  | 27  | 27  | 27  | 27  | 27  | 27  | 27  | 27  | 27  | 27  | 27  | 27  | 27  | 27  | 27  | 27  | 27  | 27  | 27  | 27  | 27  | 27  | 27  | 27  | 27  | 18  | 27  | 27  | 27  | 27  | 27  | 27  | 27  | 27  | 27  | 27  | 27  |  0  |  0  |
23  [ id      ] |  0  |  0  |  0  |  0  |  0  |  0  |  0  |  0  |  0  | 27  | 27  | 27  | 27  | 27  | 27  | 27  | 27  | 27  | 27  |  0  |  0  |  0  |  0  | 27  | 27  | 27  | 27  | 27  | 27  | 27  | 27  | 27  | 27  | 27  | 27  | 27  | 27  | 27  | 27  | 27  | 27  | 27  | 27  | 27  | 27  | 27  | 27  | 27  | 27  | 27  | 27  | 27  | 27  | 27  | 27  | 27  | 27  | 27  | 27  | 27  | 20  | 27  | 27  | 27  | 27  | 27  | 27  | 27  | 27  | 27  | 27  | 27  | 27  | 27  | 27  |  0  |  0  |
24  [ id      ] |  0  |  0  |  0  |  0  |  0  |  0  |  0  |  0  |  0  | 27  | 27  | 27  | 27  | 27  | 27  | 27  | 27  | 27  | 27  |  0  |  0  |  0  |  0  | 27  | 27  | 27  | 27  | 27  | 27  | 27  | 27  | 27  | 27  | 27  | 27  | 27  | 27  | 27  | 27  | 27  | 27  | 27  | 27  | 27  | 27  | 27  | 27  | 27  | 27  | 27  | 27  | 27  | 27  | 27  | 27  | 27  | 27  | 27  | 27  | 27  | 22  | 27  | 27  | 27  | 27  | 27  | 27  | 27  | 27  | 27  | 27  | 27  | 27  | 27  | 27  |  0  |  0  |
25  [ id      ] |  0  |  0  |  0  |  0  |  0  |  0  |  0  |  0  |  0  | 27  | 27  | 27  | 27  | 27  | 27  | 27  | 27  | 27  | 27  |  0  |  0  |  0  |  0  | 27  | 27  | 27  | 27  | 27  | 27  | 27  | 27  | 27  | 27  | 27  | 27  | 27  | 27  | 27  | 27  | 27  | 27  | 27  | 27  | 27  | 27  | 27  | 27  | 27  | 27  | 27  | 27  | 27  | 27  | 27  | 27  | 27  | 27  | 27  | 27  | 27  | 27  | 27  | 27  | 23  | 27  | 27  | 27  | 27  | 27  | 27  | 27  | 27  | 27  | 27  | 27  |  0  |  0  |
26  [ id      ] |  0  |  0  |  0  |  0  |  0  |  0  |  0  |  0  |  0  | 27  | 27  | 27  | 27  | 27  | 27  | 27  | 27  | 27  | 27  |  0  |  0  |  0  |  0  | 27  | 27  | 27  | 27  | 27  | 27  | 27  | 27  | 27  | 27  | 27  | 27  | 27  | 27  | 27  | 27  | 27  | 27  | 27  | 27  | 27  | 27  | 27  | 27  | 27  | 27  | 27  | 27  | 27  | 27  | 27  | 27  | 27  | 27  | 27  | 27  | 27  | 27  | 27  | 27  | 25  | 27  | 27  | 27  | 27  | 27  | 27  | 27  | 27  | 27  | 27  | 27  |  0  |  0  |
27  [ id      ] |  0  |  0  |  0  |  0  |  0  |  0  |  0  |  0  |  0  | 27  | 27  | 27  | 27  | 27  | 27  | 27  | 27  | 27  | 27  |  0  |  0  |  0  |  0  | 27  | 27  | 27  | 27  | 27  | 27  | 27  | 27  | 27  | 27  | 27  | 27  | 27  | 27  | 27  | 27  | 27  | 27  | 27  | 27  | 27  | 27  | 27  | 27  | 27  | 27  | 27  | 27  | 27  | 27  | 27  | 27  | 27  | 27  | 27  | 27  | 27  | 27  | 27  | 27  | 27  | 27  | 27  | 27  | 27  | 27  | 27  | 27  | 27  | 27  | 27  | 27  |  0  |  0  |
28  [ id      ] |  0  |  0  |  0  |  0  |  0  |  0  |  0  |  0  |  0  | 27  | 27  | 27  | 27  | 27  | 27  | 27  | 27  | 27  | 27  |  0  |  0  |  0  |  0  | 27  | 27  | 27  | 27  | 27  | 27  | 27  | 27  | 27  | 27  | 27  | 27  | 27  | 27  | 27  | 27  | 27  | 27  | 27  | 27  | 27  | 27  | 27  | 27  | 27  | 27  | 27  | 27  | 27  | 27  | 27  | 27  | 27  | 29  | 27  | 27  | 27  | 27  | 27  | 27  | 27  | 27  | 27  | 27  | 27  | 27  | 27  | 27  | 27  | 27  | 27  | 27  |  0  |  0  |
29  [ id      ] |  0  |  0  |  0  |  0  |  0  |  0  |  0  |  0  |  0  | 27  | 27  | 27  | 27  | 27  | 27  | 27  | 27  | 27  | 27  |  0  |  0  |  0  |  0  | 27  | 27  | 27  | 27  | 27  | 27  | 27  | 27  | 27  | 27  | 27  | 27  | 27  | 27  | 27  | 27  | 27  | 27  | 27  | 27  | 27  | 27  | 27  | 27  | 27  | 27  | 27  | 27  | 27  | 27  | 27  | 27  | 27  | 27  | 30  | 27  | 27  | 27  | 27  | 27  | 27  | 27  | 27  | 27  | 27  | 27  | 27  | 27  | 27  | 27  | 27  | 27  |  0  |  0  |
30  [ id      ] |  0  |  0  |  0  |  0  |  0  |  0  |  0  |  0  |  0  | 27  | 27  | 27  | 27  | 27  | 27  | 27  | 27  | 27  | 27  |  0  |  0  |  0  |  0  | 27  | 27  | 27  | 27  | 27  | 27  | 27  | 27  | 27  | 27  | 27  | 27  | 27  | 27  | 27  | 27  | 27  | 27  | 27  | 27  | 27  | 27  | 27  | 27  | 27  | 27  | 27  | 27  | 27  | 27  | 27  | 27  | 27  | 27  | 27  | 27  | 27  | 33  | 27  | 27  | 27  | 27  | 27  | 27  | 27  | 27  | 27  | 27  | 27  | 27  | 27  | 27  |  0  |  0  |
31  [ id      ] |  0  |  0  |  0  |  0  |  0  |  0  |  0  |  0  |  0  | 27  | 27  | 27  | 27  | 27  | 27  | 27  | 27  | 27  | 27  |  0  |  0  |  0  |  0  | 27  | 27  | 27  | 27  | 27  | 27  | 27  | 27  | 27  | 27  | 27  | 27  | 27  | 27  | 27  | 27  | 27  | 27  | 27  | 27  | 27  | 27  | 27  | 27  | 27  | 27  | 27  | 27  | 27  | 27  | 27  | 27  | 27  | 27  | 27  | 27  | 27  | 27  | 27  | 27  | 27  | 27  | 27  | 27  | 27  | 35  | 27  | 27  | 27  | 27  | 27  | 27  |  0  |  0  |
32  [ id      ] |  0  |  0  |  0  |  0  |  0  |  0  |  0  |  0  |  0  | 27  | 27  | 27  | 27  | 27  | 27  | 27  | 27  | 27  | 27  |  0  |  0  |  0  |  0  | 27  | 27  | 27  | 27  | 27  | 27  | 27  | 27  | 27  | 27  | 27  | 27  | 27  | 27  | 27  | 27  | 27  | 27  | 27  | 27  | 27  | 27  | 27  | 27  | 27  | 27  | 27  | 27  | 27  | 27  | 27  | 34  | 27  | 27  | 27  | 27  | 27  | 27  | 27  | 31  | 27  | 27  | 27  | 27  | 27  | 27  | 27  | 27  | 27  | 27  | 27  | 27  |  0  |  0  |
33  [ id      ] |  0  |  0  |  0  |  0  |  0  |  0  |  0  |  0  |  0  | 27  | 27  | 27  | 27  | 27  | 27  | 27  | 27  | 27  | 27  |  0  |  0  |  0  |  0  | 27  | 27  | 27  | 27  | 27  | 27  | 27  | 27  | 27  | 27  | 27  | 27  | 27  | 27  | 27  | 27  | 27  | 27  | 27  | 27  | 27  | 27  | 27  | 27  | 27  | 27  | 27  | 27  | 27  | 27  | 42  | 27  | 27  | 27  | 27  | 27  | 27  | 27  | 27  | 27  | 27  | 27  | 27  | 27  | 27  | 27  | 27  | 27  | 27  | 27  | 27  | 27  |  0  |  0  |
34  [ if      ] |  0  |  0  |  0  |  0  |  0  |  0  |  0  |  0  |  0  | 27  | 27  | 27  | 27  | 27  | 27  | 27  | 27  | 27  | 27  |  0  |  0  |  0  |  0  | 27  | 27  | 27  | 27  | 27  | 27  | 27  | 27  | 27  | 27  | 27  | 27  | 27  | 27  | 27  | 27  | 27  | 27  | 27  | 27  | 27  | 27  | 27  | 27  | 27  | 27  | 27  | 27  | 27  | 27  | 27  | 27  | 27  | 27  | 27  | 27  | 27  | 27  | 27  | 27  | 27  | 27  | 27  | 27  | 27  | 27  | 27  | 27  | 27  | 27  | 27  | 27  |  0  |  0  |
35  [ int     ] |  0  |  0  |  0  |  0  |  0  |  0  |  0  |  0  |  0  | 27  | 27  | 27  | 27  | 27  | 27  | 27  | 27  | 27  | 27  |  0  |  0  |  0  |  0  | 27  | 27  | 27  | 27  | 27  | 27  | 27  | 27  | 27  | 27  | 27  | 27  | 27  | 27  | 27  | 27  | 27  | 27  | 27  | 27  | 27  | 27  | 27  | 27  | 27  | 27  | 27  | 27  | 27  | 27  | 27  | 27  | 27  | 27  | 27  | 27  | 27  | 27  | 27  | 27  | 27  | 27  | 27  | 27  | 27  | 27  | 27  | 27  | 27  | 27  | 27  | 27  |  0  |  0  |
36  [ mulop   ] |  0  |  0  |  0  |  0  |  0  |  0  |  0  |  0  |  0  |  0  |  0  |  0  |  0  |  0  |  0  |  0  |  0  |  0  |  0  |  0  |  0  |  0  |  0  |  0  |  0  |  0  |  0  |  0  |  0  |  0  |  0  |  0  |  0  |  0  |  0  |  0  |  0  |  0  |  0  |  0  |  0  |  0  |  0  |  0  |  0  |  0  |  0  |  0  |  0  |  0  |  0  |  0  |  0  |  0  |  0  |  0  |  0  |  0  |  0  |  0  |  0  |  0  |  0  |  0  |  0  |  0  |  0  |  0  |  0  |  0  |  0  |  0  |  0  |  0  |  0  |  0  |  0  |
37  [ num     ] |  0  |  0  |  0  |  0  |  0  |  0  |  0  |  0  |  0  | 37  | 37  | 37  | 37  | 37  | 37  | 37  | 37  | 37  | 37  |  0  |  0  |  0  |  0  |  0  |  0  |  0  |  0  |  0  |  0  |  0  |  0  |  0  |  0  |  0  |  0  |  0  |  0  |  0  |  0  |  0  |  0  |  0  |  0  |  0  |  0  |  0  |  0  |  0  |  0  |  0  |  0  |  0  |  0  |  0  |  0  |  0  |  0  |  0  |  0  |  0  |  0  |  0  |  0  |  0  |  0  |  0  |  0  |  0  |  0  |  0  |  0  |  0  |  0  |  0  |  0  |  0  |  0  |
38  [ num     ] |  0  |  0  |  0  |  0  |  0  |  0  |  0  |  0  |  0  | 38  | 38  | 38  | 38  | 38  | 38  | 38  | 38  | 38  | 38  |  0  |  0  |  0  |  0  |  0  |  0  |  0  |  0  |  2  |  0  |  0  |  0  |  0  |  0  |  0  |  0  |  0  |  0  |  0  |  0  |  0  |  0  |  0  |  0  |  0  |  0  |  0  |  0  |  0  |  0  |  0  |  0  |  0  |  0  |  0  |  0  |  0  |  0  |  0  |  0  |  0  |  0  |  0  |  0  |  0  |  0  |  0  |  0  |  0  |  0  |  0  |  0  |  0  |  0  |  0  |  0  |  0  |  0  |
39  [ num     ] |  0  |  0  |  0  |  0  |  0  |  0  |  0  |  3  |  0  | 39  | 39  | 39  | 39  | 39  | 39  | 39  | 39  | 39  | 39  |  0  |  0  |  0  |  0  |  0  |  0  |  0  |  0  |  0  |  0  |  0  |  0  |  0  |  0  |  0  |  0  |  0  |  0  |  0  |  0  |  0  |  0  |  0  |  0  |  0  |  0  |  0  |  0  |  0  |  0  |  0  |  0  |  0  |  0  |  0  |  0  |  0  |  0  |  0  |  0  |  0  |  0  |  0  |  0  |  0  |  0  |  0  |  0  |  0  |  0  |  0  |  0  |  0  |  0  |  0  |  0  |  0  |  0  |
40  [ relop   ] |  0  |  0  |  0  |  0  |  0  |  0  |  0  |  0  |  0  |  0  |  0  |  0  |  0  |  0  |  0  |  0  |  0  |  0  |  0  |  0  |  0  |  0  |  0  |  0  |  0  |  0  |  0  |  0  |  0  |  0  |  0  |  0  |  0  |  0  |  0  |  0  |  0  |  0  |  0  |  0  |  0  |  0  |  0  |  0  |  0  |  0  |  0  |  0  |  0  |  0  |  0  |  0  |  0  |  0  |  0  |  0  |  0  |  0  |  0  |  0  |  0  |  0  |  0  |  0  |  0  |  0  |  0  |  0  |  0  |  0  |  0  |  0  |  0  |  0  |  0  |  0  |  0  |
41  [ relop   ] |  0  |  0  |  0  |  0  |  0  |  0  |  0  |  0  |  0  |  0  |  0  |  0  |  0  |  0  |  0  |  0  |  0  |  0  |  0  |  0  |  0  | 40  |  0  |  0  |  0  |  0  |  0  |  0  |  0  |  0  |  0  |  0  |  0  |  0  |  0  |  0  |  0  |  0  |  0  |  0  |  0  |  0  |  0  |  0  |  0  |  0  |  0  |  0  |  0  |  0  |  0  |  0  |  0  |  0  |  0  |  0  |  0  |  0  |  0  |  0  |  0  |  0  |  0  |  0  |  0  |  0  |  0  |  0  |  0  |  0  |  0  |  0  |  0  |  0  |  0  |  0  |  0  |
42  [ while   ] |  0  |  0  |  0  |  0  |  0  |  0  |  0  |  0  |  0  | 27  | 27  | 27  | 27  | 27  | 27  | 27  | 27  | 27  | 27  |  0  |  0  |  0  |  0  | 27  | 27  | 27  | 27  | 27  | 27  | 27  | 27  | 27  | 27  | 27  | 27  | 27  | 27  | 27  | 27  | 27  | 27  | 27  | 27  | 27  | 27  | 27  | 27  | 27  | 27  | 27  | 27  | 27  | 27  | 27  | 27  | 27  | 27  | 27  | 27  | 27  | 27  | 27  | 27  | 27  | 27  | 27  | 27  | 27  | 27  | 27  | 27  | 27  | 27  | 27  | 27  |  0  |  0  |
43  [ {       ] |  0  |  0  |  0  |  0  |  0  |  0  |  0  |  0  |  0  |  0  |  0  |  0  |  0  |  0  |  0  |  0  |  0  |  0  |  0  |  0  |  0  |  0  |  0  |  0  |  0  |  0  |  0  |  0  |  0  |  0  |  0  |  0  |  0  |  0  |  0  |  0  |  0  |  0  |  0  |  0  |  0  |  0  |  0  |  0  |  0  |  0  |  0  |  0  |  0  |  0  |  0  |  0  |  0  |  0  |  0  |  0  |  0  |  0  |  0  |  0  |  0  |  0  |  0  |  0  |  0  |  0  |  0  |  0  |  0  |  0  |  0  |  0  |  0  |  0  |  0  |  0  |  0  |
44  [ }       ] |  0  |  0  |  0  |  0  |  0  |  0  |  0  |  0  |  0  |  0  |  0  |  0  |  0  |  0  |  0  |  0  |  0  |  0  |  0  |  0  |  0  |  0  |  0  |  0  |  0  |  0  |  0  |  0  |  0  |  0  |  0  |  0  |  0  |  0  |  0  |  0  |  0  |  0  |  0  |  0  |  0  |  0  |  0  |  0  |  0  |  0  |  0  |  0  |  0  |  0  |  0  |  0  |  0  |  0  |  0  |  0  |  0  |  0  |  0  |  0  |  0  |  0  |  0  |  0  |  0  |  0  |  0  |  0  |  0  |  0  |  0  |  0  |  0  |  0  |  0  |  0  |  0  |
